Sequential Scan Skyline Results:
74464 300.0 790.74
280895 300.2 793.77
60245 300.27 794.59
241342 300.35 796.02
169722 300.66 797.96
263791 301.12 799.7
68846 302.96 799.87
72081 312.74 799.99
30247 338.34 800.0
Sequential Scan Time: 1.9445 seconds

BBS Skyline Results:
74464 300.0 790.74
263791 301.12 799.7
280895 300.2 793.77
60245 300.27 794.59
241342 300.35 796.02
169722 300.66 797.96
68846 302.96 799.87
72081 312.74 799.99
30247 338.34 800.0
BBS Execution Time: 0.0106 seconds

BBS with Divide-and-Conquer Skyline Results:
74464 300.0 790.74
280895 300.2 793.77
60245 300.27 794.59
241342 300.35 796.02
169722 300.66 797.96
263791 301.12 799.7
68846 302.96 799.87
72081 312.74 799.99
30247 338.34 800.0
Divide-and-Conquer Execution Time: 21.4461 seconds
